10,10,10,10,10,10,10,10,10,10,10,10,10,10,10,10,10,10,10,10,10,10,10,10,10,10,10,10,10,10,10,10,10,10,10,10,10,10,10,10,10,10,10,10,10,10,10,10,10,10,10,10,10,10,10,10,10,10,10,10,10,10,10,10,10,10,10,21.975,10,10,10,10,10,10,10,10,10,10,10,10,10,10,10,10,10,10,10,10,10,10,10,10,10,10,10,10,10,10,10,10
10,10,10,10,10,10,10,10,10,10,21.975,22.016,22.056,22.096,22.136,22.177,22.218,22.259,22.3,22.341,22.382,22.423,22.465,22.507,22.549,22.591,22.633,22.675,22.717,22.76,22.802,22.845,22.888,22.931,22.975,23.018,23.062,23.105,23.149,10,10,10,10,10,10,10,10,10,10,10,10,10,10,10,10,10,10,10,10,10,10,10,10,10,10,10,10,22.016,10,10,10,10,10,10,10,10,10,10,10,10,10,10,10,10,10,10,10,10,10,10,10,10,10,10,10,10,10,10,10,10
10,10,10,10,10,10,10,10,10,10,10,10,10,10,10,10,10,10,10,10,10,10,10,10,10,10,10,10,10,10,10,10,10,10,10,10,10,10,10,23.193,10,10,10,10,10,10,10,10,10,10,10,10,10,10,10,10,10,10,10,10,10,10,10,10,10,10,10,22.056,10,10,10,10,10,10,10,10,10,10,10,10,10,10,10,10,10,10,10,10,10,10,10,10,10,10,10,10,10,10,10,10
10,10,10,10,10,10,10,10,10,10,10,10,10,10,10,10,10,10,10,10,10,10,10,10,10,10,10,10,10,10,10,10,10,10,10,10,10,10,10,10,23.237,10,10,10,10,10,10,10,10,10,10,10,10,10,10,10,10,10,10,10,10,10,10,10,10,10,10,22.096,10,10,10,10,10,10,10,10,10,10,10,10,10,10,10,10,10,10,10,10,10,10,10,10,10,10,10,10,10,10,10,10
10,10,10,10,10,10,10,10,10,10,10,10,10,10,10,10,10,10,10,10,10,10,10,10,10,10,10,10,10,10,10,10,10,10,10,10,10,10,10,10,10,23.281,10,10,10,10,10,10,10,10,10,10,10,10,10,10,10,10,10,10,10,10,10,10,10,10,10,22.136,10,10,10,10,10,10,10,10,10,10,10,10,10,10,10,10,10,10,10,10,10,10,10,10,10,10,10,10,10,10,10,10
10,10,10,10,10,10,10,10,10,10,10,10,10,10,10,10,10,10,10,10,10,10,10,10,10,10,10,10,10,10,10,10,10,10,10,10,10,10,10,10,10,10,23.326,23.37,23.415,23.46,10,10,10,10,10,10,10,10,10,10,10,10,10,10,10,10,10,10,10,10,10,22.177,10,10,10,10,10,10,10,10,10,10,10,10,10,10,10,10,10,10,10,10,10,10,10,10,10,10,10,10,10,10,10,10
10,10,10,10,10,10,10,10,10,10,10,10,10,10,10,10,10,10,10,10,10,10,10,10,10,10,10,10,10,10,10,10,10,10,10,10,10,10,10,10,10,10,10,10,10,10,23.505,10,10,10,10,10,10,10,10,10,10,10,10,10,10,10,10,10,10,10,10,22.218,10,10,10,10,10,10,10,10,10,10,10,10,10,10,10,10,10,10,10,10,10,10,10,10,10,10,10,10,10,10,10,10
10,10,10,10,10,10,10,10,10,10,10,10,10,10,10,10,10,10,10,10,10,10,10,10,10,10,10,10,10,10,10,10,10,10,10,10,10,10,10,10,10,10,10,10,10,10,10,23.55,10,10,10,10,10,10,10,10,10,10,10,10,10,10,10,10,10,10,10,22.259,10,10,10,10,10,10,10,10,10,10,10,10,10,10,10,10,10,10,10,10,10,10,10,10,10,10,10,10,10,10,10,10
10,10,10,10,10,10,10,10,10,10,10,10,10,10,10,10,10,10,10,10,10,10,10,10,10,10,10,10,10,10,10,10,10,10,10,10,10,10,10,10,10,10,10,10,10,10,10,10,23.595,10,10,10,10,10,10,10,10,10,10,10,10,10,10,10,10,10,10,22.3,10,10,10,10,10,10,10,10,10,10,10,10,10,10,10,10,10,10,10,10,10,10,10,10,10,10,10,10,10,10,10,10
10,10,10,10,10,10,10,10,10,10,10,10,10,10,10,10,10,10,10,10,10,10,10,10,10,10,10,10,10,10,10,10,10,10,10,10,10,10,10,10,10,10,10,10,10,32.843,10,10,10,23.641,10,10,10,23.595,10,10,10,10,10,10,10,10,10,10,10,10,10,22.341,10,10,10,10,10,10,10,10,10,10,10,10,10,10,10,10,10,10,10,10,10,10,10,10,10,10,10,10,10,10,10,10
10,10,10,10,10,10,10,10,10,10,10,10,10,10,10,10,10,10,10,10,10,10,10,10,10,10,10,10,10,10,10,10,10,10,10,10,10,10,10,10,10,10,10,10,39.023,23.595,10,10,10,10,23.687,10,23.641,10,23.55,10,10,10,10,10,10,10,10,10,10,10,10,22.382,10,10,10,10,10,10,10,10,10,10,10,10,10,10,10,10,10,10,10,10,10,10,10,10,10,10,10,10,10,10,10,10
10,10,10,10,10,10,10,10,10,10,10,10,10,10,10,10,10,10,10,10,10,10,10,10,10,10,10,10,10,10,10,10,10,10,10,10,10,10,10,10,10,10,10,33.057,23.46,31.909,10,10,10,10,10,32.841,10,30.929,22.423,31.746,10,10,10,10,10,10,10,10,10,10,10,22.423,10,10,10,10,10,10,10,10,10,10,10,10,10,10,10,10,10,10,10,10,10,10,10,10,10,10,10,10,10,10,10,10
10,10,10,10,10,10,10,10,10,10,10,10,10,10,10,10,10,10,10,10,10,10,10,10,10,10,10,10,10,10,10,10,10,10,10,10,10,10,10,10,10,10,33.073,23.415,22.382,23.687,22.465,10,10,10,23.732,26.336,37.55,31.054,10,10,31.673,22.3,22.259,22.218,22.177,22.136,22.096,22.056,22.016,21.975,10,22.465,10,10,10,10,10,10,10,10,10,10,10,10,10,10,10,10,10,10,10,10,10,10,10,10,10,10,10,10,10,10,10,10
10,10,10,10,10,10,10,10,10,10,10,10,10,10,10,10,10,10,10,10,10,10,10,10,10,10,10,10,10,10,10,10,10,10,10,10,10,10,10,10,10,33.089,23.37,22.341,10,23.732,10,33.103,25.435,43.316,10,34.257,43.351,30.5,36.481,30.611,30.542,23.415,23.37,10,10,10,10,10,10,10,10,22.507,10,10,10,10,10,10,10,10,10,10,10,10,10,10,10,10,10,10,10,10,10,10,10,10,10,10,10,10,10,10,10,10
10,10,10,10,10,10,10,10,10,10,10,10,10,10,10,10,10,10,10,10,10,10,10,10,10,10,10,10,10,10,10,10,10,10,10,10,10,10,10,10,33.106,23.326,22.3,10,10,23.778,24.828,10,47.869,44.856,45.02,25.852,35.459,34.686,10,22.76,10,30.474,10,23.326,10,10,10,10,10,10,10,22.549,10,10,10,10,10,10,10,10,10,10,10,10,10,10,10,10,10,10,10,10,10,10,10,10,10,10,10,10,10,10,10,10
10,10,10,10,10,10,10,10,10,10,10,10,10,10,10,10,10,10,10,10,10,10,10,10,10,10,10,10,10,10,10,10,10,10,10,10,23.415,23.46,23.505,33.122,23.281,22.259,10,10,23.824,24.878,10,33.149,35.103,49.44,25.538,41.2,23.917,26.173,34.769,22.802,10,10,30.406,23.281,10,10,10,10,10,10,10,22.591,10,10,10,10,10,10,10,10,10,10,10,10,10,10,10,10,10,10,10,10,10,10,10,10,10,10,10,10,10,10,10,10
10,10,21.975,22.016,22.056,22.096,22.136,22.177,22.218,22.259,22.3,22.341,22.382,22.423,22.465,22.507,22.549,22.591,22.633,22.675,22.717,22.76,22.802,22.845,22.888,22.931,22.975,23.018,23.062,23.105,31.119,23.193,23.237,23.281,23.326,23.37,10,10,10,32.961,22.218,10,10,23.871,10,24.928,33.226,35.019,34.501,38.909,22.633,36.123,33.217,23.964,26.119,34.852,22.845,10,10,30.338,23.237,23.193,23.149,23.105,23.062,10,10,22.633,10,10,10,10,10,10,10,10,10,10,10,10,10,10,10,10,10,10,10,10,10,10,10,10,10,10,10,10,10,10,10,10
10,10,10,10,10,10,10,10,10,21.975,22.016,22.056,22.096,22.136,22.177,22.218,22.259,22.3,22.341,22.382,22.423,22.465,22.507,22.549,22.591,22.633,22.675,22.717,22.76,22.802,30.842,22.888,22.931,22.975,23.018,23.062,23.105,23.149,23.193,32.303,10,10,23.917,21.975,24.978,33.304,34.936,34.583,23.641,23.871,23.237,34.13,25.642,33.295,24.01,26.066,34.935,22.888,10,10,30.27,10,10,10,10,23.018,10,22.675,10,10,10,10,10,10,10,10,10,10,10,10,10,10,10,10,10,10,10,10,10,10,10,10,10,10,10,10,10,10,10,10
10,10,10,10,10,10,10,10,10,10,10,10,10,10,10,10,10,10,10,10,10,10,10,10,10,10,10,10,10,10,22.056,10,10,10,10,10,10,10,22.136,24.246,10,23.964,10,25.028,38.704,34.853,34.666,23.595,23.824,10,10,34.423,22.717,25.695,33.372,24.057,26.012,35.018,22.931,10,10,22.259,22.218,22.177,22.136,22.096,22.975,22.717,10,10,10,10,10,10,10,10,10,10,10,10,10,10,10,10,10,10,10,10,10,10,10,10,10,10,10,10,10,10,10,10
10,10,10,10,10,10,10,10,10,10,10,10,10,10,10,21.975,10,10,10,10,10,10,10,10,10,10,10,21.975,10,10,22.096,10,10,10,10,10,10,22.096,10,24.294,24.01,10,25.078,33.46,34.77,40.088,23.55,23.778,10,10,10,25.59,23.149,22.76,35.292,23.687,35.346,10,22.591,22.975,10,10,10,10,10,10,22.056,31.424,10,10,10,10,10,10,10,10,10,10,10,10,10,10,10,10,10,10,10,10,10,10,10,10,10,10,10,10,10,10,10,10
10,10,10,10,10,10,10,10,10,10,10,10,10,10,10,22.016,10,10,10,10,10,10,10,10,10,10,10,10,22.016,10,22.136,10,10,10,10,10,22.056,10,10,24.342,24.057,25.129,33.538,25.078,41.581,23.505,31.783,10,10,10,10,10,25.538,23.105,22.802,35.377,35.045,24.151,10,22.633,23.018,10,10,10,10,10,10,30.799,22.888,10,10,10,10,10,10,10,10,10,10,10,10,10,10,10,10,10,10,10,10,10,10,10,10,10,10,10,10,10,10,10
10,10,10,10,10,10,10,10,10,10,10,10,10,10,10,22.056,10,10,10,10,10,10,10,10,10,10,10,10,10,22.056,22.177,10,10,10,10,22.016,10,10,24.39,10,34.566,33.617,25.028,34.914,33.348,23.687,10,22.136,10,10,10,10,10,25.486,23.062,22.845,46.485,23.778,24.199,10,22.675,23.062,10,10,10,10,10,22.845,21.975,22.845,22.802,10,10,10,10,10,10,10,10,10,10,10,10,10,10,10,10,10,10,10,10,10,10,10,10,10,10,10,10,10
10,10,10,10,10,10,10,10,10,10,10,10,10,10,10,22.096,10,10,10,10,10,10,10,10,10,21.975,10,10,10,10,30.268,10,10,10,21.975,10,10,10,24.438,25.23,33.664,24.199,42.087,23.415,33.42,10,10,10,22.177,10,10,10,10,10,25.435,23.018,34.377,35.547,23.824,24.246,22.717,10,23.105,10,10,10,10,22.888,10,10,10,22.76,10,10,10,10,10,10,10,10,10,10,10,10,10,10,10,10,10,10,10,10,10,10,10,10,10,10,10,10
10,10,10,10,10,10,10,10,10,10,10,10,10,10,10,22.136,10,10,10,10,10,10,10,10,10,22.016,10,10,10,10,22.259,22.136,10,10,10,10,10,10,34.922,24.294,33.696,42.128,23.37,23.595,24.294,10,10,10,10,22.218,10,10,10,10,10,25.383,34.382,22.931,35.632,23.871,32.786,10,23.149,10,10,10,10,22.931,10,10,10,10,22.717,10,10,10,10,10,10,10,10,10,10,10,10,10,10,10,10,10,10,10,10,10,10,10,10,10,10,10
10,10,10,10,10,10,10,10,10,10,10,10,10,10,10,22.177,10,10,10,10,10,10,10,10,10,22.056,10,10,10,10,22.3,10,22.177,10,10,10,10,35.005,24.342,33.775,42.169,23.326,23.55,10,24.246,10,10,10,10,10,22.259,10,10,10,10,25.332,22.931,25.695,22.975,41.882,22.802,24.342,23.193,10,10,10,10,22.975,10,10,10,10,10,22.675,10,10,10,10,10,10,10,10,10,10,10,10,10,10,10,10,10,10,10,10,10,10,10,10,10,10
10,10,10,10,10,10,10,10,10,10,10,10,10,10,10,22.218,10,10,10,10,21.975,10,10,10,10,22.096,10,10,10,21.975,22.341,10,10,22.218,10,10,35.089,24.39,33.855,35.249,33.668,23.505,10,10,24.199,10,10,10,10,10,10,22.3,10,21.975,10,25.281,22.888,10,25.642,23.018,45.776,10,33.2,10,10,10,10,23.018,10,10,10,21.975,10,10,22.633,10,10,10,10,10,10,21.975,10,10,10,10,10,10,10,10,10,10,10,10,10,10,10,10,10,10
10,10,10,10,10,10,10,10,10,10,10,10,10,10,10,22.259,10,10,10,10,22.016,10,10,10,10,22.136,10,10,10,10,30.379,10,10,10,22.259,35.173,24.438,33.935,35.333,33.589,23.46,10,10,10,24.151,10,10,10,10,10,10,10,30.338,10,10,25.23,22.845,21.975,10,25.59,23.062,45.896,23.281,24.438,10,10,10,23.062,10,10,22.016,10,10,10,10,22.591,22.549,22.507,22.465,22.423,22.382,30.338,22.3,22.259,22.218,22.177,22.136,22.096,22.056,22.016,21.975,10,10,10,10,10,10,10,10,10
10,10,10,10,10,10,10,10,10,10,10,10,10,10,10,22.3,10,10,10,10,22.056,10,10,10,10,22.177,10,10,10,10,22.423,22.056,10,10,35.257,32.672,34.015,35.418,33.51,23.415,10,10,10,10,24.104,10,10,10,10,10,10,22.056,10,22.382,10,10,25.179,22.802,22.016,25.538,23.105,10,46.016,23.326,24.486,10,10,23.105,10,22.056,10,10,10,10,10,10,10,10,10,10,10,22.056,10,10,10,10,10,10,10,10,10,10,10,10,10,10,10,10,10,10
10,10,10,10,10,10,10,10,10,10,10,10,10,10,10,22.341,10,10,10,10,22.096,10,10,10,10,22.218,10,10,10,10,22.465,10,22.096,35.342,24.534,34.095,31.406,33.432,10,23.37,10,10,10,10,24.057,10,10,10,10,10,22.096,10,10,10,22.423,10,10,25.129,22.76,33.51,10,23.149,42.311,22.975,23.37,24.534,10,23.149,22.096,10,10,10,10,10,10,10,10,10,10,10,10,22.096,10,10,10,10,10,10,10,10,10,10,10,10,10,10,10,10,10,10
10,10,10,10,10,10,10,10,10,10,10,10,10,10,10,22.382,10,10,10,10,22.136,10,10,10,10,22.259,10,10,10,21.975,22.507,10,35.426,32.66,34.175,23.237,10,38.839,10,23.326,10,10,10,10,24.01,10,10,10,10,22.136,10,10,10,10,10,22.465,10,10,25.078,33.899,22.096,10,35.062,34.247,23.018,23.415,24.583,31.27,21.975,10,10,10,10,10,10,10,10,10,10,10,10,22.136,10,10,10,10,10,10,10,10,10,10,10,10,10,10,10,10,10,10
10,10,10,10,10,10,10,10,10,10,10,10,10,10,10,22.423,10,10,10,10,22.177,10,10,10,10,22.3,10,10,10,22.016,22.549,35.511,24.632,34.256,31.386,10,10,33.276,31.55,10,10,10,10,10,23.964,10,10,10,22.177,10,10,10,10,10,10,10,22.507,10,10,35.385,22.675,34.744,26.336,23.237,34.328,23.062,38.984,23.237,22.016,10,10,10,10,10,10,10,10,10,10,10,10,22.177,10,10,10,10,10,10,10,10,10,10,10,10,10,10,10,10,10,10
10,10,10,10,10,10,10,10,10,10,10,10,10,10,10,22.465,10,10,10,10,30.188,10,10,10,10,22.341,10,10,10,22.056,22.591,42.1,34.337,10,23.326,22.218,23.018,24.534,23.237,22.465,10,10,10,10,23.917,10,10,22.218,10,10,10,10,10,10,10,10,10,22.549,10,25.332,24.978,22.633,34.716,26.391,23.281,43.816,33.669,23.281,22.056,10,10,10,10,10,10,10,10,10,10,10,21.975,22.218,10,10,10,10,10,10,10,10,10,10,10,10,10,10,10,10,10,10
10,10,10,10,10,10,10,10,10,10,10,10,10,10,10,22.507,10,10,10,10,30.256,10,10,10,10,22.382,10,10,10,22.096,22.633,42.207,34.419,23.37,10,10,31.133,33.267,10,10,22.507,10,10,10,23.871,10,22.259,10,10,10,10,10,10,10,10,10,10,10,22.591,25.281,10,24.928,34.935,22.218,40.745,33.729,33.312,33.599,22.096,10,10,10,10,10,10,10,10,10,10,22.016,10,22.259,10,10,10,10,10,10,10,10,10,10,10,10,10,10,10,10,10,10
10,10,10,10,10,10,10,10,10,10,10,10,10,10,10,22.549,10,10,10,10,30.323,10,10,10,10,22.423,10,10,10,22.136,40.428,42.106,23.415,10,10,22.931,10,38.637,10,10,10,22.549,10,10,23.824,22.3,10,10,10,10,10,10,10,10,10,10,10,10,10,33.638,10,24.878,26.501,30.735,22.259,42.425,23.193,39.313,32.856,10,10,10,10,10,10,10,10,10,22.056,10,10,22.3,10,10,10,10,10,10,10,10,10,10,10,10,10,10,10,10,10,10
10,10,10,10,10,10,10,10,10,10,10,10,10,10,10,22.591,10,10,10,10,30.391,10,10,10,10,22.465,10,10,10,32.933,33.492,42.213,23.46,10,22.888,10,10,33.112,22.341,10,10,10,22.591,10,31.992,10,10,10,10,10,10,10,10,10,10,10,10,10,10,25.179,22.675,24.828,34.659,10,22.507,22.3,42.533,32.225,38.862,24.828,10,10,10,10,10,10,10,22.096,10,10,10,22.341,10,10,10,10,10,10,10,10,10,10,10,10,10,10,10,10,10,10
10,10,10,10,10,10,10,10,10,10,10,10,10,10,10,22.633,10,10,10,10,30.46,10,10,10,10,22.507,10,10,10,33.01,33.57,42.321,23.505,22.845,10,10,10,33.035,10,22.382,10,10,10,30.874,23.732,10,10,10,10,10,10,10,10,10,10,10,10,10,10,10,25.129,38.728,26.391,10,22.465,10,31.673,42.563,31.592,33.547,24.878,10,10,10,10,10,22.136,10,10,10,10,22.382,10,10,10,10,10,10,10,10,10,10,10,10,10,10,10,10,10,10
10,10,10,10,10,10,10,10,21.975,10,10,10,10,10,10,22.675,10,10,10,10,30.528,10,10,10,10,22.549,10,10,10,33.087,33.649,46.424,22.802,10,10,10,10,32.958,10,10,22.423,10,22.423,10,32.122,10,10,10,10,10,10,10,10,10,10,10,10,10,10,10,33.347,24.73,34.828,10,10,22.423,23.505,33.42,40.966,23.505,33.626,24.928,10,10,10,22.177,10,10,10,10,10,22.423,10,10,10,10,10,10,10,10,10,10,10,10,10,10,10,10,10,10
10,10,10,10,10,10,10,10,22.016,10,10,10,10,10,10,22.717,10,10,10,10,30.597,10,10,10,10,22.591,10,10,10,40.596,39.666,41.566,10,10,10,10,10,32.881,10,10,10,34.93,10,10,23.641,22.717,10,10,10,10,10,10,10,10,10,10,10,10,10,22.465,10,25.028,36.052,22.802,10,10,22.382,39.751,22.3,23.37,23.55,33.705,24.978,10,22.218,10,10,10,10,10,10,22.465,10,10,10,10,10,10,10,10,10,10,10,10,10,10,10,10,10,10
10,10,10,10,10,10,10,10,22.056,10,10,10,10,10,10,22.76,10,10,10,10,30.665,10,10,10,10,22.633,10,10,35.232,39.523,22.888,41.634,10,26.667,10,10,10,32.805,10,10,22.507,10,22.507,10,23.595,10,22.76,10,10,10,10,10,10,10,10,10,10,10,22.507,10,10,10,36.196,24.632,22.845,10,10,22.341,43.489,10,23.415,23.595,33.784,33.187,10,10,10,10,10,10,10,22.507,10,10,10,10,10,10,10,10,10,10,10,10,10,10,10,10,10,10
10,10,10,10,10,10,10,10,22.096,10,10,10,10,10,10,22.802,10,10,10,10,30.735,10,10,10,10,22.675,10,35.316,34.137,22.382,22.931,41.702,10,26.611,10,10,10,32.729,10,22.549,10,10,10,22.549,23.55,10,10,22.802,10,10,10,10,10,10,10,10,10,22.549,10,10,10,10,26.173,24.928,24.583,22.888,10,10,22.3,43.601,23.46,10,31.827,33.863,25.078,10,10,10,10,10,10,22.549,10,10,10,10,10,10,10,10,10,10,10,10,10,10,10,10,10,10
10,10,10,10,10,10,10,10,22.136,10,10,10,10,10,10,22.845,10,10,10,10,30.804,10,10,10,10,22.717,35.401,23.732,25.078,22.423,22.975,41.771,10,26.556,10,10,10,32.653,22.591,10,10,10,10,10,31.885,10,10,10,22.845,10,10,10,10,10,10,10,22.591,10,10,10,10,10,10,26.119,24.878,24.534,22.931,10,10,22.259,43.713,31.718,23.687,24.681,23.917,25.129,10,10,10,10,10,22.591,22.633,22.591,22.549,22.507,22.465,22.423,22.382,22.341,22.3,22.259,22.218,22.177,22.136,22.096,22.056,22.016,21.975,10
10,10,10,10,10,10,10,10,22.177,10,10,10,10,10,10,22.888,10,10,10,10,30.874,10,10,10,10,22.76,35.486,23.778,25.129,31.314,10,41.84,26.501,10,10,10,10,38.174,10,10,10,10,10,10,23.46,22.633,10,10,10,22.888,10,10,10,10,10,22.633,10,10,10,10,10,10,10,10,26.066,24.828,24.486,22.975,10,22.218,40.059,30.887,23.55,39.174,23.964,25.179,10,10,10,10,10,31.083,10,10,10,10,10,10,10,10,10,10,10,10,10,10,10,10,10,10
10,10,10,10,10,10,10,10,22.218,10,10,10,10,10,10,22.931,10,10,10,10,30.943,10,10,10,10,22.802,35.571,34.38,23.062,22.507,41.909,37.612,10,10,10,10,22.675,32.503,10,10,10,10,10,10,23.415,10,22.675,10,10,10,22.931,10,10,10,22.675,10,10,10,10,10,10,10,10,10,10,26.012,24.779,24.438,23.018,30.528,34.656,10,30.956,39.15,23.778,34.554,10,10,22.802,22.76,22.717,22.675,10,10,10,10,10,10,10,10,10,10,10,10,10,10,10,10,10,10
10,10,10,10,10,10,10,10,22.259,10,10,10,10,10,10,22.975,10,10,10,10,31.013,10,10,10,10,41.346,34.461,23.105,22.549,41.979,10,37.52,10,10,10,22.717,10,32.428,10,10,10,10,10,10,23.37,10,10,22.717,10,10,10,22.975,10,22.717,10,10,10,10,10,10,10,10,10,10,10,10,25.959,24.73,32.686,31.139,10,34.739,31.027,32.852,23.641,34.482,24.057,22.845,10,10,10,22.717,10,10,10,10,10,10,10,10,10,10,10,10,10,10,10,10,10,10
10,10,10,10,10,10,10,10,22.3,10,10,10,10,10,10,23.018,10,10,10,10,31.084,10,10,10,35.742,32.495,34.032,22.591,36.527,22.465,37.428,10,10,10,22.76,10,10,32.353,10,10,10,10,10,10,23.326,10,10,10,22.76,10,10,10,31.51,10,10,10,10,10,10,10,10,10,10,10,10,10,10,34.229,24.681,32.392,23.105,34.822,31.097,32.929,10,34.441,39.045,10,10,10,10,22.76,10,10,10,10,10,10,10,10,10,10,10,10,10,10,10,10,10,10
10,10,10,10,10,10,10,10,22.341,10,10,10,10,10,10,23.062,10,10,10,10,31.154,10,10,35.828,23.964,31.799,33.74,36.616,22.423,37.337,10,10,10,22.802,10,10,10,32.278,10,10,10,10,10,10,23.281,10,10,10,10,22.802,10,22.802,10,23.062,10,10,10,10,10,10,10,10,10,10,10,10,22.549,25.852,24.632,34.69,24.294,34.394,38.005,22.136,24.928,40.251,33.414,10,10,10,10,22.802,10,10,10,10,10,10,10,10,10,10,10,10,10,10,10,10,10,10
10,10,10,10,10,10,10,10,22.382,10,10,10,10,10,10,23.105,10,10,10,10,31.225,10,35.915,24.01,31.872,22.675,35.587,34.741,37.246,10,10,10,22.845,10,10,10,10,32.204,10,10,10,10,10,10,23.237,10,10,10,10,10,35.691,10,10,10,23.105,10,10,10,10,10,10,10,10,10,10,22.591,10,25.8,24.583,22.016,36.093,34.475,31.238,32.068,33.613,34.605,23.964,24.199,10,10,10,22.845,10,10,10,10,10,10,10,10,10,10,10,10,10,10,10,10,10,10
10,10,10,10,10,10,10,10,22.423,10,10,10,10,10,10,23.149,10,10,10,10,31.296,36.001,24.057,31.946,22.717,25.435,42.261,26.391,26.173,10,10,22.888,10,10,10,10,10,32.13,10,10,10,10,10,10,23.193,10,10,10,10,22.888,10,22.888,10,10,10,23.149,10,10,10,10,10,10,10,10,30.603,10,10,10,25.747,32.505,36.006,23.237,39.929,31.15,24.01,34.229,34.811,24.246,10,10,10,22.888,10,10,10,10,10,10,10,10,10,10,10,10,10,10,10,10,10,10
10,10,10,10,10,10,10,10,22.465,10,10,10,10,10,10,23.193,10,10,10,10,31.367,42.336,32.019,10,33.979,34.797,25.435,26.336,26.119,10,35.273,10,10,10,10,10,10,32.056,10,10,10,10,10,10,23.149,10,10,10,22.931,10,10,10,22.931,10,10,10,23.193,10,10,10,10,10,10,30.672,10,10,10,10,25.695,24.486,24.151,35.34,37.291,25.8,22.259,33.289,34.434,35.051,10,10,10,22.931,10,10,10,10,10,10,10,10,10,10,10,10,10,10,10,10,10,10
10,10,10,10,10,10,10,10,22.507,10,10,10,10,10,10,23.237,10,10,10,10,31.439,42.444,32.093,34.059,22.259,26.667,25.486,26.282,26.066,22.975,26.611,10,10,10,10,10,10,31.983,10,10,10,10,10,10,23.105,10,10,22.975,10,10,10,10,10,22.975,10,10,10,23.237,10,10,10,10,30.741,10,10,10,23.326,23.281,34.452,33.218,32.855,32.048,37.612,31.452,25.852,32.29,23.917,34.516,35.135,10,10,22.975,10,10,10,10,10,10,10,10,10,10,10,10,10,10,10,10,10,10
10,10,10,10,10,10,10,10,22.549,10,10,10,10,10,10,23.281,10,10,10,10,31.51,49.088,22.845,33.722,10,25.538,10,26.227,34.676,26.556,10,10,10,10,10,10,10,31.909,10,10,10,10,10,10,23.062,10,23.018,10,10,10,10,10,10,10,23.018,10,10,10,23.281,10,10,30.81,10,10,10,23.37,10,10,10,25.59,24.39,24.057,35.51,26.391,31.524,35.324,22.341,34.473,24.151,35.219,10,23.018,10,10,10,10,10,10,10,10,10,10,10,10,10,10,10,10,10,10
10,10,10,10,10,10,10,10,22.591,10,10,10,10,10,10,23.326,10,10,10,10,31.582,50.901,22.177,25.642,25.59,10,10,34.866,25.959,37.649,10,10,10,10,10,10,10,31.836,10,10,10,10,10,10,23.018,23.062,10,10,10,10,10,10,10,10,10,23.062,10,10,10,23.326,30.88,10,10,10,23.415,10,10,10,10,10,25.538,24.342,35.88,35.265,10,31.596,35.409,33.471,24.01,24.199,35.303,23.062,10,10,10,10,10,10,10,10,10,10,10,10,10,10,10,10,10,10
10,10,10,10,10,10,10,10,22.633,21.975,22.016,22.056,22.096,22.136,22.177,31.502,22.259,22.3,22.341,31.346,36.984,52.032,34.018,33.994,22.591,22.633,31.541,42.339,43.209,22.802,22.845,22.888,22.931,22.975,23.018,23.062,23.105,31.764,10,10,10,10,10,10,31.74,10,10,10,10,10,10,10,10,10,10,10,23.105,10,10,30.95,23.37,10,10,23.46,10,10,10,10,10,10,10,25.486,36.014,35.575,23.46,10,31.668,42.493,22.423,24.057,41.699,23.105,10,10,10,10,10,10,10,10,10,10,10,10,10,10,10,10,10,10
10,10,10,10,10,10,10,10,22.675,10,10,10,10,10,10,23.415,10,10,23.149,31.552,22.096,49.481,36.192,10,10,23.149,36.616,37.465,10,10,10,10,10,10,10,10,10,37.705,10,10,10,10,10,23.149,22.931,10,10,10,10,10,10,10,10,10,10,10,10,23.149,31.02,10,23.595,32.479,23.505,10,10,10,10,10,10,10,10,10,36.718,24.246,35.49,23.505,10,31.74,46.276,10,45.963,23.149,10,10,10,10,10,10,10,10,10,10,10,10,10,10,10,10,10,10
10,10,10,10,10,10,10,10,22.717,10,10,10,10,10,10,23.46,10,23.193,31.624,22.056,36.616,39.341,36.28,10,23.193,36.528,37.373,10,10,10,10,10,10,10,10,10,10,31.619,23.193,23.237,23.281,23.326,32.151,10,22.888,10,10,10,10,10,10,10,10,10,10,10,10,31.09,32.467,23.641,10,10,23.46,10,10,10,10,10,10,10,10,10,36.629,24.199,10,35.405,23.55,23.018,31.473,42.71,46.083,23.193,10,10,10,10,10,10,10,10,10,10,10,10,10,10,10,10,10,10
10,10,10,10,10,10,10,10,22.76,10,10,10,10,10,10,23.505,23.237,31.697,22.016,36.705,24.438,32.54,36.368,23.237,36.439,37.282,10,10,10,10,10,10,10,10,10,10,10,31.547,10,10,10,23.237,10,23.415,22.845,10,10,10,10,10,10,10,10,10,10,10,31.161,23.732,10,23.237,10,10,10,23.505,10,10,10,10,10,10,10,10,36.54,24.151,10,35.32,10,32.289,22.549,42.29,46.915,34.716,10,10,10,10,10,10,10,10,10,10,10,10,10,10,10,10,10,10
10,10,10,10,10,10,10,10,22.802,10,10,21.975,22.016,22.056,22.096,37.766,37.163,30.188,42.225,32.672,38.081,41.941,31.55,41.873,42.731,22.549,22.591,22.633,22.675,22.717,22.76,22.802,22.845,22.888,22.931,22.975,23.018,37.457,23.105,23.149,32.062,23.237,10,10,31.981,23.505,23.55,23.595,23.641,10,10,10,10,10,10,31.231,23.778,10,10,10,23.281,10,10,10,23.55,10,10,10,10,10,10,10,26.282,25.281,24.104,35.236,10,32.363,22.591,36.534,46.509,33.52,25.959,10,10,10,10,10,10,10,10,10,10,10,10,10,10,10,10,10
10,10,10,10,10,10,10,10,22.845,10,10,10,10,10,23.326,32.347,23.062,26.227,35.685,32.691,25.959,34.775,36.263,37.1,10,10,10,10,10,10,10,10,10,10,10,10,10,31.403,10,23.326,10,10,23.281,23.326,31.863,23.415,23.46,23.505,10,23.687,10,10,10,10,31.302,23.824,10,10,10,10,10,23.326,10,10,10,23.595,10,10,10,10,10,10,10,26.227,25.23,35.368,23.732,32.438,10,42.219,46.631,10,33.599,26.012,10,10,10,10,10,10,10,10,10,10,10,10,10,10,10,10
10,10,10,10,10,10,10,10,22.888,10,10,10,10,10,23.37,32.422,35.004,35.771,23.778,35,34.857,36.176,37.01,10,10,10,10,10,10,10,10,10,10,10,10,10,10,31.332,23.37,10,10,10,10,10,22.717,10,10,10,23.55,10,23.732,10,10,31.374,23.871,10,10,10,10,10,10,10,23.37,10,10,10,23.641,10,10,10,10,10,10,10,26.173,36.061,24.01,23.687,32.513,36.712,22.675,46.754,33.678,10,26.066,10,10,10,10,10,10,10,10,10,10,10,10,10,10,10
10,10,10,10,10,10,10,10,22.931,10,10,10,10,10,23.415,41.309,41.682,23.824,35.084,34.941,36.088,36.92,10,10,10,10,10,10,10,10,10,10,10,10,10,10,10,37.565,10,10,10,10,10,10,22.675,10,10,10,10,31.975,22.549,32.102,31.445,23.917,10,10,10,10,10,10,10,10,10,23.415,10,10,10,23.687,10,21.975,10,10,10,10,26.119,25.906,25.129,23.964,23.641,32.588,36.801,22.717,46.877,33.757,26.119,10,10,10,10,10,10,10,10,10,10,10,10,10,10,10
10,10,10,10,10,10,10,10,22.975,10,10,10,10,10,35.349,32.572,45.978,35.168,35.024,36.001,26.173,26.012,10,10,10,10,10,10,10,10,10,10,10,10,10,10,23.46,31.19,10,10,10,10,10,10,22.633,10,10,10,22.633,10,23.641,23.193,33.164,10,10,10,10,10,10,10,10,10,10,10,23.46,10,10,10,23.732,10,22.016,10,10,10,10,36.616,25.078,10,23.917,23.595,32.664,36.891,32.93,43.705,33.836,26.173,10,10,10,10,10,10,10,10,10,10,10,10,10,10
10,10,10,10,10,10,10,10,23.018,10,10,10,10,26.446,23.505,41.3,48.76,35.108,25.642,36.392,25.959,10,10,10,10,10,10,10,10,10,10,10,10,10,10,23.505,10,31.119,10,10,10,10,10,10,22.591,10,10,22.675,23.326,23.281,23.237,33.119,10,23.871,23.917,23.964,24.01,21.975,10,10,10,10,10,10,10,23.505,10,10,10,23.778,10,22.056,10,10,10,10,36.528,25.028,23.871,10,23.55,32.74,43.398,22.802,43.818,33.916,26.227,10,10,10,10,10,10,10,10,10,10,10,10,10
10,10,10,10,10,10,10,10,23.062,10,10,10,10,26.501,35.3,41.351,44.051,35.192,36.442,25.383,25.906,10,10,10,10,10,10,10,10,10,10,10,10,10,23.55,10,10,23.105,10,10,10,10,10,10,22.549,10,22.717,23.37,10,10,24.057,10,23.732,23.778,23.824,23.871,23.917,24.057,22.016,10,10,10,10,10,10,10,23.55,10,10,10,23.824,10,22.096,10,10,10,10,36.439,24.978,23.824,23.505,10,32.816,47.296,43.931,10,33.996,26.282,10,10,10,10,10,10,10,10,10,10,10,10
10,10,10,10,10,10,10,10,23.105,10,10,10,26.556,35.385,35.21,23.871,48.966,35.061,25.538,25.332,25.852,10,10,10,10,10,10,10,10,10,10,10,10,23.595,10,10,10,23.062,10,10,10,10,10,10,22.507,22.76,23.415,24.199,24.151,24.104,10,10,10,10,10,10,10,23.964,24.104,22.056,10,10,10,10,10,10,10,23.595,10,10,10,23.871,10,22.136,10,10,10,10,36.351,24.928,32.737,10,23.415,40.855,36.317,44.045,34.076,10,26.336,10,10,10,10,10,10,10,10,10,10,10
10,10,10,10,10,10,10,10,23.149,10,10,26.611,35.469,10,41.561,35.452,46.029,23.641,25.486,25.281,25.8,10,10,10,10,10,10,10,10,10,10,10,23.641,10,10,10,10,23.018,10,10,22.975,22.931,22.888,22.845,31.099,23.46,24.246,10,10,10,10,10,10,10,10,10,10,10,24.01,24.151,22.096,10,10,10,10,10,10,10,23.641,10,10,10,23.917,10,22.177,10,10,10,25.852,25.642,24.878,32.661,23.46,34.512,35.991,33.68,44.174,25.078,26.391,10,10,10,10,10,10,10,10,10,10,10
10,10,10,10,10,10,10,10,23.193,10,26.667,10,35.555,35.684,41.519,35.841,33.033,34.544,10,25.23,25.747,10,10,10,10,10,10,10,10,10,10,23.687,10,10,23.237,23.193,23.149,31.74,23.062,23.018,23.687,23.641,23.595,23.55,31.773,24.294,10,10,10,10,10,10,10,10,10,10,10,10,10,24.057,33.586,22.136,10,10,10,10,10,10,10,23.687,10,10,10,23.964,10,22.218,10,10,25.8,25.59,24.828,10,32.585,32.14,25.959,33.136,33.79,39.756,36.514,10,10,10,10,10,10,10,10,10,21.975,10
10,10,10,10,10,10,10,10,23.237,10,10,26.501,41.853,35.622,41.823,33.11,25.383,23.732,25.179,25.695,10,10,10,10,10,10,10,10,10,10,31.703,22.016,22.056,31.332,22.136,22.177,22.218,31.09,22.3,31.946,22.382,22.423,32.734,32.713,38.178,22.591,22.633,22.675,22.717,22.76,22.802,22.845,22.888,22.931,22.975,23.018,23.062,23.105,23.149,23.193,23.237,39.548,22.177,10,10,10,10,10,10,10,23.732,10,10,10,24.01,10,22.259,10,10,36.088,24.779,10,23.326,23.641,32.214,41.462,10,33.869,39.856,36.603,10,10,10,10,10,10,10,10,22.016,10
10,10,10,10,10,10,10,10,23.281,10,26.556,35.856,41.811,41.824,23.505,34.782,23.778,25.129,25.642,10,10,10,10,10,10,10,10,10,10,23.778,10,10,23.326,10,10,10,10,22.888,23.778,10,10,24.486,10,10,22.341,10,10,10,10,10,10,10,10,10,21.975,22.016,22.056,22.096,22.136,22.177,22.218,22.259,43.273,22.218,10,10,10,10,10,10,10,23.778,10,10,10,24.057,10,22.3,10,10,36.001,24.73,23.281,10,23.595,32.289,41.567,23.778,24.779,39.956,36.692,10,10,10,10,10,10,10,22.056,10
10,10,10,10,10,10,10,10,23.326,26.611,35.943,41.918,34.826,34.096,34.762,23.824,25.078,25.59,10,10,10,10,10,10,10,10,10,10,23.824,10,10,23.37,10,24.01,23.964,23.917,23.871,32.374,24.632,24.583,24.534,10,10,10,22.3,10,10,10,10,10,10,10,10,10,10,10,10,10,10,10,10,10,10,43.384,22.259,10,10,10,10,10,10,10,23.824,10,10,10,24.104,10,22.341,10,10,35.915,24.681,23.237,21.975,23.55,32.363,41.672,23.824,24.828,40.056,36.781,10,10,10,10,10,10,22.096,10
10,10,10,10,10,10,10,10,35.565,36.03,42.024,34.804,23.595,41.63,23.871,25.028,25.538,10,10,10,10,10,10,10,10,10,10,23.871,10,10,23.415,10,24.057,10,10,10,10,33.201,10,10,10,10,10,10,22.259,10,10,10,10,10,10,10,10,10,10,10,10,10,10,10,10,10,10,10,43.495,22.3,10,10,10,10,10,10,10,23.871,10,10,10,24.151,10,22.382,10,10,35.828,24.632,35.447,22.016,23.505,32.438,41.778,23.871,24.878,40.156,36.871,10,10,10,10,10,22.136,10
10,10,10,10,10,10,10,10,42.059,42.131,34.782,23.641,45.107,23.917,24.978,25.486,10,10,10,10,10,10,10,10,10,10,23.917,10,10,23.46,10,24.104,24.928,24.878,24.828,24.779,24.73,22.76,10,10,10,10,10,10,22.218,10,10,10,10,10,10,10,10,10,10,10,10,10,10,10,10,10,10,10,10,43.607,22.341,22.382,22.423,22.465,10,10,10,10,23.917,10,10,10,24.199,10,22.423,10,10,35.742,24.583,35.362,22.056,23.46,32.513,41.885,23.917,24.928,40.257,25.383,10,10,10,10,22.177,10
10,10,10,10,10,10,10,24.246,33.062,47.29,23.687,41.673,23.964,24.928,10,25.435,10,10,10,10,10,10,10,10,10,23.964,10,10,23.505,10,24.151,24.978,10,10,10,10,10,22.717,10,10,10,10,10,10,22.177,10,10,10,10,10,10,10,10,10,10,10,10,10,10,10,10,10,10,10,10,10,43.72,10,10,10,22.507,10,10,10,10,23.964,10,10,10,24.246,10,22.465,10,35.656,10,24.534,35.278,31.466,10,32.588,41.991,23.964,24.978,40.358,25.435,10,10,10,22.218,10
10,10,10,10,10,10,24.294,24.151,23.505,40.986,45.76,24.01,10,24.878,10,25.383,10,10,10,10,10,10,10,10,24.01,10,10,23.55,10,24.199,25.028,10,10,10,10,10,10,22.675,10,10,10,10,10,10,22.136,10,10,10,10,10,10,10,10,10,10,10,10,10,10,10,10,10,10,10,10,10,10,43.833,32.838,32.914,32.991,22.549,10,10,10,10,24.01,10,10,10,24.294,10,22.507,10,43.685,24.486,10,35.194,31.448,23.281,23.824,42.098,24.01,45.436,10,25.486,10,10,22.259,10
10,10,10,10,10,10,24.342,24.199,34.505,40.528,41.076,24.057,10,24.828,25.332,10,10,10,10,10,10,10,10,24.057,10,10,23.595,24.294,24.246,25.078,10,10,10,10,10,10,10,22.633,10,10,10,10,10,10,22.096,10,10,10,10,10,10,10,10,10,10,10,10,10,10,10,10,10,10,10,10,10,10,10,33.631,10,10,33.068,22.591,10,10,10,10,24.057,10,10,10,24.342,10,22.549,10,55.859,10,23.018,26.446,31.43,23.326,42.144,24.01,45.216,25.078,25.538,10,10,22.3,10
10,10,10,10,10,10,24.39,34.916,23.595,40.529,41.18,24.104,24.779,25.281,10,10,10,10,10,10,10,10,24.104,10,10,23.641,24.342,10,25.129,10,10,10,10,10,10,10,10,22.591,10,10,10,10,10,10,22.056,10,10,10,10,10,10,10,10,10,10,10,10,10,10,10,10,10,10,10,10,10,10,10,10,33.711,33.79,33.869,33.145,33.137,33.215,33.292,22.76,10,24.104,10,10,10,24.39,10,22.591,10,55.706,22.975,26.391,10,31.413,42.009,23.917,45.318,34.516,25.59,10,10,22.341,10
10,10,10,10,10,10,34.992,24.294,23.641,40.532,41.284,34.148,36.803,10,10,10,10,10,24.294,24.246,24.199,24.151,10,10,23.687,24.39,25.23,25.179,10,10,10,10,10,10,10,10,10,22.549,10,10,10,10,10,10,22.016,10,10,10,10,10,10,10,10,10,10,10,10,10,10,10,10,10,10,10,10,10,10,10,10,10,10,10,33.949,22.76,10,10,24.878,22.802,10,24.151,10,10,10,24.438,10,22.633,10,56.394,10,26.336,10,40.741,33.463,45.39,34.566,35.061,10,10,22.382,10
10,10,10,10,10,25.332,24.486,24.342,33.119,45.781,34.419,43.003,10,10,10,10,10,24.342,10,23.917,23.871,23.824,23.778,23.732,24.438,25.281,10,10,10,10,10,10,10,10,10,10,10,22.507,10,10,10,10,10,10,21.975,10,10,10,10,10,10,10,10,10,10,10,10,10,10,10,10,10,10,10,10,10,10,10,10,10,10,10,10,34.029,22.802,22.845,22.888,33.534,22.845,10,24.199,10,10,10,24.486,10,22.675,10,56.239,10,26.282,34.742,23.193,48.664,40.854,24.199,25.695,10,22.423,10
10,10,10,10,25.281,24.534,24.39,24.057,34.678,44.994,47.327,10,10,10,10,10,24.39,10,23.964,10,10,10,10,24.486,25.332,10,10,10,10,10,10,10,10,10,10,10,10,22.465,10,10,10,10,10,10,10,10,10,10,10,10,10,10,10,10,10,10,10,10,10,10,10,10,10,10,10,10,10,10,10,10,10,10,10,10,34.11,24.928,24.978,25.028,33.613,22.888,10,24.246,10,10,10,24.534,10,22.717,10,56.085,10,34.441,35.362,45.817,34.269,33.554,35.229,10,22.465,10
10,10,10,25.23,32.553,24.438,24.104,25.59,44.878,42.742,34.243,10,10,24.534,24.486,24.438,35.616,41.737,35.446,35.361,35.276,35.192,35.108,25.383,10,10,10,10,10,10,10,10,10,10,10,10,10,22.423,10,10,10,10,10,10,10,10,10,10,10,10,10,10,10,10,10,10,10,10,10,10,10,10,10,10,10,10,10,10,10,10,10,10,10,10,10,23.917,23.964,24.01,34.434,33.692,33.685,25.129,34.692,34.775,34.858,34.941,34.224,24.534,22.76,10,55.931,22.382,43.236,45.937,34.35,33.633,25.8,24.294,22.507,10
10,10,25.179,24.632,22.016,24.486,35.061,44.831,36.447,24.057,34.324,10,24.583,10,24.151,41.949,24.057,33.939,33.859,33.779,33.7,33.621,33.542,33.464,33.386,33.308,33.23,33.153,33.075,32.999,32.922,32.845,32.769,32.693,32.618,32.542,32.467,37.877,32.318,32.243,32.169,32.095,32.022,31.948,31.875,31.802,31.729,31.657,31.585,31.513,31.441,31.37,31.298,31.227,31.157,31.086,31.016,30.946,30.876,30.806,30.737,30.668,30.599,30.53,30.462,30.394,22.382,22.341,22.3,22.259,22.218,22.177,22.136,22.096,22.056,22.016,21.975,10,10,34.516,23.062,22.975,23.018,23.062,23.105,23.149,34.164,33.442,33.422,22.802,10,55.778,31.33,50.117,34.432,33.712,25.852,24.342,22.549,10
10,25.129,10,24.681,22.056,41.657,40.466,42.733,24.104,24.828,24.39,24.632,10,24.199,35.788,10,34.019,10,10,10,25.129,25.078,25.028,24.978,24.928,24.878,24.828,24.779,24.73,24.681,24.632,24.583,24.534,24.486,24.438,24.39,24.342,32.507,24.246,24.199,24.151,24.104,24.057,24.01,23.964,23.917,23.871,23.824,23.778,23.732,23.687,23.641,23.595,23.55,23.505,23.46,23.415,23.37,23.326,23.281,23.237,23.193,23.149,23.105,23.062,23.018,22.975,22.931,22.888,22.845,22.802,22.76,22.717,22.675,22.633,22.591,22.549,22.507,22.465,22.423,40.082,31.319,22.3,22.259,22.218,22.177,22.136,33.485,32.704,38.823,30.816,22.717,54.799,48.342,46.906,33.791,25.906,24.39,22.591,10
25.078,10,24.73,24.632,45.329,40.405,42.667,24.151,24.878,24.438,24.681,24.294,24.246,42.184,24.199,34.099,25.332,25.281,25.23,25.179,10,10,10,10,10,10,10,10,10,10,10,10,10,10,10,10,10,22.3,10,10,10,10,10,10,10,10,10,10,10,10,10,10,10,10,10,10,10,10,10,10,10,10,10,10,10,10,10,10,10,10,10,10,10,10,10,10,10,10,10,10,10,34.68,23.149,10,10,10,10,10,25.486,24.73,33.579,22.888,32.493,56.537,39.662,41.944,39.954,35.568,22.633,10
25.028,24.779,24.681,35.313,39.536,42.369,33.936,34.601,24.486,24.73,34.674,25.078,42.292,10,24.73,25.383,10,10,10,10,10,10,10,10,10,10,10,10,10,10,10,10,10,10,10,10,10,22.259,10,10,10,10,10,10,10,10,10,10,10,10,10,10,10,10,10,10,10,10,10,10,10,10,10,10,10,10,10,10,10,10,10,10,10,10,10,10,10,10,10,10,10,10,34.762,23.193,23.237,23.281,23.326,23.37,23.415,41.337,23.415,33.336,10,48.917,54.735,45.288,10,40.054,41.268,10
59.505,24.73,35.398,34.079,41.49,24.01,45.322,24.486,34.388,34.756,35.643,35.557,24.828,24.779,25.435,10,10,10,10,10,10,10,10,10,10,10,10,10,10,10,10,10,10,10,10,10,10,22.218,10,10,10,10,10,10,10,10,10,10,10,10,10,10,10,10,10,10,10,10,10,10,10,10,10,10,10,10,10,10,10,10,10,10,10,10,10,10,10,10,10,10,10,10,10,34.845,24.342,24.39,24.438,24.486,10,10,41.441,23.46,33.414,49.284,34.884,54.219,41.55,45.047,22.717,59.255
41.343,35.482,36.142,47.275,47.436,49.877,50.713,47.883,43.4,42.96,25.642,35.492,25.538,25.486,10,10,10,10,10,10,10,10,10,10,10,10,10,10,10,10,10,10,10,10,10,10,10,22.177,10,10,10,10,10,10,10,10,10,10,10,10,10,10,10,10,10,10,10,10,10,10,10,10,10,10,10,10,10,10,10,10,10,10,10,10,10,10,10,10,10,10,10,10,10,10,25.383,25.435,25.486,25.538,35.263,35.348,35.433,49.735,49.85,51.518,54.782,55.688,57.407,53.093,33.52,24.583
24.878,43.572,51.239,57.29,54.817,54.247,54.237,52.481,50.595,47.849,47.946,43.657,43.77,43.883,43.996,36.125,36.212,36.3,36.388,36.476,36.565,36.654,36.743,36.832,36.922,37.012,37.102,37.193,37.284,37.375,37.467,26.282,26.336,26.391,26.446,26.501,26.556,34.689,26.667,10,26.667,26.611,26.556,37.649,37.556,37.465,37.373,37.282,37.191,37.1,37.01,36.92,36.83,36.741,44.405,44.29,44.176,44.062,43.948,43.835,49.111,48.98,48.85,48.721,48.592,48.463,48.335,48.207,48.08,51.926,51.786,54.385,54.237,54.09,53.943,53.796,53.65,53.505,53.36,53.215,53.071,52.928,52.784,52.642,52.5,52.358,52.217,52.076,51.936,51.796,51.657,51.518,53.345,53.147,54.925,53.403,53.837,56.79,49.477,34.816
10,10,36.27,40.281,53.043,51.154,44.603,39.316,39.378,39.44,39.503,39.565,39.628,39.692,39.756,42.995,42.994,42.993,42.993,42.993,42.993,46.997,43.032,43.07,43.109,48.728,51.468,48.707,43.044,42.974,42.904,42.834,42.764,42.695,42.626,42.558,42.49,45.988,42.355,42.288,42.221,42.155,42.089,42.024,41.959,41.894,41.829,41.765,41.701,41.638,41.575,41.512,41.45,41.388,41.326,41.276,41.237,41.198,41.159,41.121,41.1,41.096,41.092,41.088,41.085,47.353,51.489,51.396,51.303,51.21,51.118,51.027,50.936,50.845,50.755,50.665,50.576,50.487,50.399,50.311,52.084,50.207,50.18,50.153,46.07,45.95,45.83,45.711,45.592,45.473,45.355,45.237,45.12,49.439,47.786,49.1,44.654,34.996,24.73,10
10,10,10,45.093,50.208,52.033,50.478,50.613,50.749,50.885,51.022,51.159,51.297,51.435,51.573,51.712,51.852,51.992,52.132,52.273,52.415,52.556,52.699,52.842,52.985,53.129,49.892,50.026,50.16,50.294,50.429,50.564,50.7,50.836,50.972,51.109,51.247,53.153,51.523,51.662,51.801,35.661,35.746,35.833,35.919,36.006,36.093,36.18,24.342,24.39,24.438,24.486,24.534,24.583,24.632,24.681,24.73,24.779,24.828,24.878,24.928,24.978,25.028,25.078,25.129,25.179,25.23,25.281,25.332,25.383,25.435,25.486,25.538,25.59,25.642,25.695,25.747,25.8,25.852,25.906,25.959,26.012,26.066,37.395,44.515,44.52,44.525,44.53,37.263,26.336,26.282,26.227,26.173,34.388,41.298,26.012,10,10,10,24.681
10,10,10,10,10,25.028,10,10,10,10,10,10,10,10,10,10,10,10,10,10,10,10,10,10,10,10,10,10,10,10,10,10,10,10,10,10,10,22.016,10,10,10,10,10,10,10,10,10,10,10,10,10,10,10,10,10,10,10,10,10,10,10,10,10,10,10,10,10,10,10,10,10,10,10,10,10,10,10,10,10,10,10,10,10,10,10,10,10,10,26.391,26.391,26.446,26.501,26.556,34.852,26.667,23.732,10,10,10,24.632
10,10,10,10,25.078,25.129,25.179,25.23,25.281,25.332,25.383,25.435,25.486,25.538,25.59,25.642,25.695,25.747,25.8,25.852,25.906,25.959,26.012,26.066,26.119,26.173,26.227,26.282,26.336,26.391,26.446,26.501,26.556,26.611,26.667,10,10,21.975,10,10,10,10,10,10,10,10,10,10,10,10,10,10,10,10,10,10,10,10,10,10,10,10,10,10,10,10,10,10,10,10,10,10,10,10,10,10,10,10,10,10,10,10,10,10,10,10,10,10,10,26.446,26.501,26.556,26.611,34.88,10,10,10,10,10,24.583
10,10,10,10,10,10,10,10,10,10,10,10,10,10,10,10,10,10,10,10,10,10,10,10,10,10,10,10,10,10,10,10,10,10,10,10,10,10,10,10,10,10,10,10,10,10,10,10,10,10,10,10,10,10,10,10,10,10,10,10,10,10,10,10,10,10,10,10,10,10,10,10,10,10,10,10,10,10,10,10,10,10,10,10,10,10,10,10,10,10,10,10,10,22.3,10,10,10,10,10,24.534
10,10,10,10,10,10,10,10,10,10,10,10,10,10,10,10,10,10,10,10,10,10,10,10,10,10,10,10,10,10,10,10,10,10,10,10,10,10,10,10,10,10,10,10,10,10,10,10,10,10,10,10,10,10,10,10,10,10,10,10,10,10,10,10,10,10,10,10,10,10,10,10,10,10,10,10,10,10,10,10,10,10,10,10,10,10,10,10,10,10,10,10,10,22.259,10,10,10,10,10,24.486
10,10,10,26.611,26.667,10,10,10,10,10,10,10,10,10,10,10,10,10,10,10,10,10,10,10,10,10,10,10,10,10,10,10,10,10,10,10,10,10,10,10,10,10,10,10,10,10,10,10,10,10,10,10,10,10,10,10,10,10,10,10,10,10,10,10,10,10,10,10,10,10,10,10,10,10,10,10,10,10,10,10,10,10,10,10,10,10,10,10,10,10,10,10,10,22.218,10,10,10,10,10,24.438
10,10,10,10,26.556,26.501,26.446,26.391,26.336,26.282,26.227,26.173,26.119,26.066,26.012,25.959,37.253,37.162,37.071,36.981,36.891,36.801,36.712,36.623,36.534,36.446,36.358,36.27,36.182,36.095,36.008,35.921,35.835,35.749,35.663,35.577,35.492,35.407,35.323,35.238,35.154,35.07,34.987,34.903,34.82,34.738,34.655,34.573,34.491,34.409,34.328,34.247,34.166,34.086,34.005,33.925,33.845,33.766,33.687,33.608,33.529,33.451,33.372,33.295,33.217,33.14,33.062,32.986,32.909,32.833,32.756,32.681,32.605,32.53,32.455,32.38,32.305,32.231,32.157,32.083,32.009,31.936,31.863,31.79,31.717,31.645,31.573,31.501,31.429,31.358,31.286,31.215,31.145,36.468,31.004,30.934,30.864,30.795,10,24.39
10,10,10,10,10,10,10,10,10,10,10,10,10,10,10,10,10,10,10,10,10,10,10,10,10,10,10,10,10,10,10,10,10,10,10,10,10,10,10,10,10,10,10,10,21.975,22.016,22.056,22.096,22.136,22.177,22.218,22.259,22.3,22.341,22.382,22.423,22.465,22.507,22.549,22.591,22.633,22.675,22.717,22.76,22.802,22.845,22.888,22.931,22.975,23.018,23.062,23.105,23.149,23.193,23.237,23.281,23.326,23.37,23.415,31.43,31.502,31.574,31.646,31.718,31.791,31.864,31.937,32.01,32.084,32.158,32.232,32.306,32.381,37.832,32.531,32.606,32.682,32.344,24.342,10
10,10,10,10,10,10,10,10,10,10,10,10,10,10,10,10,10,10,10,10,10,10,10,10,10,10,10,10,10,10,10,10,10,10,10,10,10,10,10,10,10,10,10,10,10,10,10,10,10,10,10,10,10,10,10,10,10,10,10,10,10,10,10,10,10,10,10,10,10,10,10,10,10,10,10,10,10,10,10,10,10,10,10,10,10,10,10,10,10,10,10,10,10,22.096,10,10,10,22.056,10,10
10,10,10,10,10,10,10,10,10,10,10,10,10,10,10,10,10,10,10,10,10,10,10,10,10,10,10,10,10,10,10,10,10,10,10,10,10,10,10,10,10,10,10,10,10,10,10,10,10,10,10,10,10,10,10,10,10,10,10,10,10,10,10,10,10,10,10,10,10,10,10,10,10,10,10,10,10,10,10,10,10,10,10,10,10,10,10,10,10,10,10,10,10,22.056,10,10,10,22.016,10,10
10,10,10,10,10,10,10,10,10,10,10,10,10,10,10,10,10,10,10,10,10,10,10,10,10,10,10,10,10,10,10,10,10,10,10,10,10,10,10,10,10,10,10,10,10,10,10,10,10,10,10,10,10,10,10,10,10,10,10,10,10,10,10,10,10,10,10,10,10,10,10,10,10,10,10,10,10,10,10,10,10,10,10,10,10,10,10,10,10,10,10,10,10,22.016,10,10,10,21.975,10,10
10,10,10,10,10,10,10,10,10,10,10,10,10,10,10,10,10,10,10,10,10,10,10,10,10,10,10,10,10,10,10,10,10,10,10,10,10,10,10,10,10,10,10,10,10,10,10,10,10,10,10,10,10,10,10,10,10,10,10,10,10,10,10,10,10,10,10,10,10,10,10,10,10,10,10,10,10,10,10,10,10,10,10,10,10,10,10,10,10,10,10,10,10,21.975,10,10,10,10,10,10
10,10,10,10,10,10,10,10,10,10,10,10,10,10,10,10,10,10,10,10,10,10,10,10,10,10,10,10,10,10,10,10,10,10,10,10,10,10,10,10,10,10,10,10,10,10,10,10,10,10,10,10,10,10,10,10,10,10,10,10,10,10,10,10,10,10,10,10,10,10,10,10,10,10,10,10,10,10,10,10,10,10,10,10,10,10,10,10,10,10,10,10,10,10,10,10,10,10,10,10
